100
678418525354936704
908902515424415488
958977211965248000
499669274454936384  
487041249172762048  
854060198226943616
569378767767921088  
932058644434437120
332130173640325664  
495705026946961856  
386059084674343456  
879842618899419904
395467983046546560  
520308370329439616  
131816089665517212  
830791245447471744
722186774341389568
201539632305502896  
250798021582886592  
381468311278149472  
183998810965567824  
856076002772897536
417167981853708608  
505835891328752064  
689598313253372928
492772226268425600  
545090793492272512  
504888806259259584  
349655836308375008  
669412199733778816
625814129365608128  
928074361663311744
578314715158194304  
584791341330856064  
427743636118248128  
965355964330956288
438851539976894848  
897122404305264384
897414609184488704 
670981713617220544 
392827431252226240  
283473693858832128  
550824332516640448  
688295414298772864
703782064607366912
582640422601252800  
519086660165339712  
425968838948756480  
684180054906755712
669884681748226304
707437150226905984 
768178865872323456
525960684521123776  
124605132080614568  
274014757620170720  
215558997774496672  
517377358768135296  
719105551112443264
620447804452851392  
767033195076510336
388517750846222016  
246261933818459520  
695107556739822080
866832466004416384
731053275568410752
122851193277165292  
832188430754467840
169904815545305608  
919973597582429696
729603039938956544
740886529162526080
312801028834655872  
913076733797788672
291710861679166560  
901096443133428736
616858798405155520  
774351284280419328
420183103298768384  
942827637773007104
458531339187175040  
990067785046994688
650264787999913088  
226710205478593712  
516028469987213632  
674869920499622848
400724963098764416  
631587467761710272  
192247279267758128  
119830514211207628  
252035272214561696  
859280474344268416
408348265057429696  
398297206452116352  
554388031084090496  
275180731061846016  
129350482020527124  
577239224361255744  
107369161816313863  
199255297565832736  
497212821943685440  