100
6843 302 6543
5627 53 5609
9597 55 9557
5602 189 5437
5502 300 5231
9087 178 8935
7978 300 7713
8732 256 8517
8471 257 8256
6232 260 5989
5225 444 4828
5415 7 5411
8822 466 8364
5304 27 5304
7642 77 7572
5505 486 5044
8026 283 7747
6491 157 6364
5588 4 5590
9732 127 9637
6398 149 6275
6075 191 5911
6277 73 6227
7023 104 6945
9651 368 9316
5273 418 4887
7674 221 7463
8071 370 7727
6023 429 5620
6539 402 6176
9649 42 9611
7194 149 7068
9803 277 9556
7071 479 6632
9603 444 9186
7898 472 7445
6045 239 5847
7023 46 7005
9561 149 9433
7130 303 6838
5964 268 5711
6287 487 5830
8515 467 8056
6468 174 6299
5453 134 5369
8111 424 7734
9948 29 9940
8989 231 8783
6725 187 6578
8746 400 8366
782787 36605 748364
584803 36832 551466
987198 10841 980106
555463 1396 558562
739114 6170 733115
764512 7202 759212
563865 47851 520808
678856 43599 637127
552938 33082 523177
572148 21651 554557
951594 49930 904384
669745 8410 662739
519228 7130 514586
894036 12676 883987
843485 36588 810141
860516 13039 851441
550692 19425 535016
530044 37311 495842
716986 42605 675798
548995 49820 502757
954951 44979 913547
726948 11954 719410
867258 13876 853511
615972 3280 614089
878645 37628 841072
703011 23680 680690
599389 28749 573942
974278 31754 944557
785152 3452 782993
926838 8352 919761
785027 3847 781953
642509 26542 617935
584086 13267 574175
596954 24865 575773
736579 12729 726297
742074 33030 713859
877952 42969 837672
708077 40397 668545
911306 18912 893604
540578 11596 531027
668042 40099 630373
745292 4350 741026
942072 12758 930725
777611 22454 759054
645945 46112 600003
890560 20319 873714
871969 8114 866625
640867 28922 613754
727298 20053 710946
848247 24110 828997