100
8 12
16 18 13 2 15 6 14 7 1 7 16 11 7 4 7 13 15 5 12 3 7 14 5 7 
5 8
20 9 9 13 13 4 10 5 6 5 11 19 11 11 6 7 
4 11
10 8 5 5 12 17 7 19 10 12 5 14 13 4 2 1 17 14 5 7 19 11 
7 13
9 2 20 15 9 1 7 19 9 12 3 1 8 9 19 18 20 4 11 13 8 13 14 5 6 18 
7 11
8 2 14 17 4 14 11 12 14 18 10 3 9 13 3 16 2 2 13 2 6 4 
8 15
16 7 17 2 5 8 6 13 9 20 9 12 13 20 4 7 17 14 9 6 6 12 2 7 14 15 8 19 18 2 
7 15
9 7 15 14 14 20 6 3 19 15 15 12 14 18 18 11 11 6 17 16 18 18 3 11 12 11 9 9 13 20 
4 7
6 16 14 20 16 20 3 15 14 17 6 7 15 3 
10 14
9 14 1 6 12 4 16 3 14 5 12 6 4 14 7 10 10 1 9 6 20 12 20 13 9 6 20 3 
6 15
7 17 11 8 3 3 11 19 6 5 3 17 11 6 11 17 15 20 18 4 5 17 16 5 9 4 11 9 6 19 
5 12
16 17 20 19 19 11 17 4 15 19 1 5 5 11 2 20 11 20 3 16 16 18 1 5 
4 11
13 7 10 18 19 6 14 18 4 12 8 1 16 3 20 16 8 4 6 10 3 17 
6 11
12 4 4 12 9 5 3 1 11 12 19 9 18 12 7 2 4 15 2 20 17 1 
9 13
5 1 14 7 17 2 13 9 5 17 1 14 2 3 14 12 15 12 1 13 4 8 14 8 2 15 
6 16
15 2 2 19 2 15 6 19 17 19 7 2 15 7 15 17 10 8 8 5 20 9 17 4 16 10 12 17 5 18 15 19 
10 19
18 1 12 4 19 8 2 5 9 17 12 3 13 2 11 1 7 10 10 3 14 5 13 5 2 17 2 17 16 1 13 14 1 5 17 19 12 19 
5 8
16 16 3 9 17 13 10 3 3 19 6 16 4 19 20 5 
9 12
2 11 3 15 4 4 19 20 2 10 19 6 11 14 2 13 2 19 6 11 2 8 10 7 
5 12
5 4 17 20 6 18 10 8 12 14 11 11 13 13 1 11 19 11 5 20 3 6 18 9 
9 19
16 6 6 20 18 11 4 15 10 9 13 20 16 5 13 7 15 6 19 15 17 17 5 1 17 8 7 14 16 4 12 12 9 17 11 7 7 14 
4 13
3 14 17 19 18 10 5 12 15 4 6 12 1 11 12 17 18 19 10 13 2 2 5 11 19 16 
9 14
10 18 2 12 11 19 10 8 8 14 20 3 18 5 14 18 16 5 14 13 4 4 6 5 5 10 15 4 
5 12
9 14 9 11 6 20 9 15 7 17 9 7 19 6 11 12 3 7 17 17 19 20 20 5 
5 9
15 19 9 20 10 17 13 18 8 18 17 17 13 4 13 1 10 12 
6 9
3 9 7 20 5 6 19 5 11 3 10 5 1 18 4 10 14 17 
6 9
15 5 18 7 9 11 8 19 2 14 19 5 3 6 4 8 12 2 
8 11
5 1 7 5 19 11 15 13 7 3 14 2 7 12 9 16 2 16 14 4 10 13 
6 13
19 11 19 10 13 11 12 18 12 19 2 10 9 17 2 16 19 16 17 6 7 5 2 8 1 15 
7 13
8 19 2 6 10 1 15 2 11 7 19 3 5 1 12 13 18 14 8 17 9 4 3 15 9 4 
4 10
19 14 19 6 12 20 11 2 20 6 4 11 12 3 13 17 4 5 9 1 
10 19
17 7 1 20 1 9 3 4 18 2 18 16 8 10 16 18 11 15 4 14 6 16 16 18 12 19 3 1 20 20 17 16 6 18 16 7 6 19 
7 11
20 8 19 7 17 14 5 8 9 8 1 14 4 17 12 15 16 14 15 15 13 12 
7 17
9 6 6 14 4 17 17 4 4 16 11 1 9 15 8 18 3 9 11 6 5 2 20 1 15 15 15 8 6 5 7 14 11 13 
6 14
9 5 18 12 20 8 13 9 2 1 7 5 9 17 10 14 19 10 14 14 5 9 1 10 13 8 4 3 
10 17
17 8 15 14 20 15 1 13 4 3 13 10 7 2 7 17 16 5 7 10 19 11 18 20 1 11 7 4 13 6 14 10 14 9 
4 12
4 4 6 8 6 19 17 13 20 4 9 15 9 16 4 7 6 2 6 6 12 12 9 5 
10 13
14 12 12 16 5 15 19 11 2 5 9 19 17 9 3 6 4 11 1 8 17 7 9 2 13 20 
8 11
4 12 4 17 4 15 13 9 10 12 19 11 16 8 10 13 16 12 19 19 3 20 
6 16
6 15 1 18 14 15 19 18 7 2 14 10 17 7 18 6 18 16 17 14 4 7 7 19 18 5 18 20 4 4 19 10 
10 20
7 12 14 6 9 20 7 3 9 4 9 7 9 7 3 5 1 6 11 7 5 9 12 2 9 15 6 8 5 3 7 11 14 20 17 2 20 3 4 9 
6 13
15 15 19 18 20 19 3 10 5 7 19 17 9 8 12 14 15 16 16 1 7 10 1 3 12 1 
5 13
10 11 8 4 6 6 1 5 4 4 15 9 10 14 5 19 1 16 12 15 12 8 16 18 18 17 
10 16
18 5 4 7 16 11 10 1 16 11 6 20 15 20 9 5 13 14 3 13 10 15 8 1 3 4 19 20 1 18 8 18 
4 11
4 18 2 14 19 18 5 4 18 19 3 6 3 16 20 6 9 9 20 17 10 2 
10 15
2 20 5 10 18 8 1 1 5 2 14 4 20 18 7 17 17 10 3 19 6 2 4 14 11 4 10 20 5 10 
6 11
10 12 16 7 19 16 7 4 18 1 7 17 19 14 13 15 3 16 14 8 17 17 
4 9
1 12 7 6 1 14 12 10 6 7 16 4 2 3 8 19 3 15 
9 12
8 9 16 11 4 9 19 1 6 20 8 6 11 14 11 12 7 2 1 12 9 17 16 10 
10 14
9 2 18 5 2 5 13 18 15 16 6 14 16 11 13 4 16 4 17 7 15 4 8 16 16 16 12 11 
6 12
14 15 11 11 19 13 16 12 10 11 8 16 4 4 6 16 7 2 20 3 8 14 7 16 
7 10
12 1 12 18 10 6 12 1 17 11 14 13 2 4 3 10 19 6 13 5 
4 14
6 1 1 14 15 8 9 4 9 1 4 1 18 14 7 10 14 3 20 8 16 2 11 18 11 10 4 3 
8 12
2 19 6 3 13 1 10 1 4 18 1 8 18 18 1 4 8 15 7 7 2 2 9 13 
10 20
2 3 3 15 7 4 14 13 6 6 13 15 7 16 12 8 3 10 6 4 13 13 18 19 20 20 1 8 12 20 8 14 2 10 9 8 13 3 1 19 
6 13
13 15 9 5 3 12 14 8 15 7 1 13 5 20 12 6 8 4 5 15 18 6 5 6 14 18 
6 14
16 17 7 8 12 15 13 14 6 6 2 20 12 2 13 17 2 5 2 10 8 7 4 6 13 9 12 6 
5 15
20 1 17 6 9 8 1 1 2 6 7 3 6 18 5 18 15 7 2 17 16 10 3 20 16 16 8 7 1 13 
6 9
14 3 7 2 10 8 3 11 13 9 14 19 7 19 16 1 5 18 
9 19
8 20 19 3 15 7 10 16 19 16 17 13 18 4 14 7 11 17 18 4 5 12 2 11 10 18 12 15 16 9 14 3 9 13 6 4 19 15 
10 20
10 16 10 7 20 4 14 11 20 12 14 5 3 15 15 12 13 7 7 8 15 20 10 4 13 15 7 12 10 6 10 19 2 19 6 2 3 19 12 3 
7 11
7 13 20 2 5 12 9 11 19 3 10 9 7 3 4 13 14 13 19 3 12 20 
4 13
1 5 16 13 7 6 17 14 18 17 16 2 8 4 13 7 7 3 16 13 5 20 5 19 13 4 
4 8
3 3 1 4 7 17 16 14 2 13 8 20 9 3 2 17 
6 14
4 13 16 20 6 20 19 11 18 11 14 19 15 17 2 16 1 9 12 17 3 13 9 10 12 18 13 14 
9 19
7 19 13 2 18 18 2 17 8 20 8 2 19 2 18 1 17 18 9 8 15 12 1 3 1 13 1 14 6 15 13 13 13 6 14 11 3 16 
6 13
15 14 12 14 16 10 14 13 8 3 1 2 14 1 5 14 13 6 8 19 20 1 11 13 6 5 
5 11
20 11 19 15 4 11 8 20 1 2 12 9 4 12 10 17 13 15 11 6 20 18 
5 15
19 15 13 4 19 16 13 19 6 11 14 10 2 1 9 3 3 1 11 6 13 1 3 6 15 13 11 15 11 15 
8 14
10 6 13 9 2 5 7 8 16 20 17 18 1 6 20 4 7 10 9 19 10 11 5 5 4 15 19 14 
7 14
3 19 19 16 7 20 20 14 7 16 13 4 13 14 10 12 17 16 2 6 15 11 17 19 16 20 14 14 
8 11
6 16 1 4 11 7 4 11 20 11 7 13 14 20 7 3 11 4 18 13 10 13 
5 10
11 19 6 4 12 20 7 18 15 7 2 6 14 5 17 14 15 4 6 9 
4 12
11 14 17 9 6 6 2 9 12 13 7 18 16 19 17 2 17 12 9 18 18 2 3 14 
9 19
18 1 7 20 14 18 13 10 7 18 16 8 7 7 20 14 4 16 12 1 18 9 12 6 7 9 8 9 3 2 7 20 3 13 20 16 10 12 
5 14
10 1 4 16 8 3 9 12 18 1 12 16 9 4 1 15 12 8 4 15 10 11 15 13 3 14 8 13 
5 13
9 15 14 12 10 1 15 19 12 13 19 4 8 8 7 8 2 19 16 6 13 6 16 8 18 19 
4 9
11 7 19 20 1 12 11 11 13 6 9 5 18 7 8 5 14 15 
8 17
13 8 1 6 13 17 14 11 15 15 16 6 1 14 5 1 6 16 11 19 1 19 4 19 6 12 3 20 6 15 16 18 3 17 
5 14
13 17 6 7 11 2 13 12 15 17 12 1 13 3 19 14 2 2 12 7 13 14 7 19 9 2 16 12 
10 20
7 11 17 13 18 7 14 10 18 9 7 10 9 19 12 8 12 13 9 3 20 2 17 6 20 6 8 16 17 5 16 4 15 12 16 13 18 10 2 16 
10 15
6 7 6 17 14 18 10 3 1 10 5 17 15 4 2 2 20 19 7 15 2 2 6 17 14 4 7 16 20 4 
4 8
11 9 2 4 6 11 7 6 20 11 3 15 14 5 17 14 
4 8
8 4 6 13 1 19 17 7 15 16 11 17 20 2 5 1 
5 12
12 12 17 12 2 19 7 16 4 4 9 6 7 17 10 12 9 10 11 5 17 5 1 8 
4 14
9 6 1 14 17 13 5 13 5 7 12 11 2 15 14 11 20 1 7 10 12 16 19 3 1 16 8 1 
5 11
20 13 14 1 6 11 13 11 3 17 17 14 8 18 9 1 9 8 2 15 17 13 
7 16
16 10 12 3 10 16 11 10 8 5 10 13 15 3 3 18 20 19 12 7 17 20 8 5 8 9 19 4 2 9 20 17 
10 17
19 8 7 10 17 14 14 7 7 9 10 9 6 9 8 18 15 5 17 3 9 4 11 8 8 12 17 8 9 15 19 7 2 6 
9 19
19 11 5 6 19 15 15 5 3 2 2 17 7 19 19 15 2 10 3 10 1 19 17 10 13 16 17 15 1 13 13 20 3 18 5 2 12 19 
5 13
1 8 12 7 6 11 2 7 20 5 17 1 4 13 10 17 9 6 11 9 18 4 9 1 2 14 
4 12
13 7 8 13 14 19 20 20 9 1 7 8 6 3 8 9 16 18 5 4 3 15 13 1 
10 13
1 20 15 2 13 7 9 20 20 3 18 20 2 6 1 9 14 6 11 1 14 6 19 19 10 1 
8 11
1 12 3 2 11 18 4 4 5 12 3 5 14 1 4 16 6 4 4 19 10 14 
10 14
20 18 2 10 19 15 11 20 6 14 1 17 12 4 1 16 16 3 20 9 3 3 5 9 7 8 8 16 
4 9
19 2 5 20 11 3 15 2 2 20 16 3 17 7 7 17 2 2 
10 13
11 3 4 15 11 10 2 18 6 4 5 4 5 9 4 15 11 18 17 13 18 12 16 15 18 2 
7 17
3 11 20 13 13 4 7 3 14 9 1 19 12 5 3 17 13 6 11 4 4 8 16 1 19 11 15 16 12 6 15 15 17 15 
6 12
18 14 12 11 2 12 9 14 16 11 10 8 17 1 11 20 8 7 1 7 18 16 2 9 
4 13
4 18 11 11 7 8 4 18 18 6 9 7 20 5 18 9 13 14 10 4 14 18 10 15 4 7 
7 12
16 12 2 20 10 13 10 16 20 13 14 18 19 2 4 18 7 1 7 19 15 16 2 9 