1000
124557652976364
310861937236041
841443395242095
42427151929587
88807651773095
390444383956492
856003890279681
379321466200054
687168389558792
382145515177399
111864455975592
312357744667679
494710450991988
936641597654671
997546668164433
196822838392108
915972752496601
285002021118998
625635014381260
773918615654111
622253106907010
356938310433179
848557769320906
627424214500934
358964523766190
913247110787780
319205642677843
877010741271079
325544446241110
139476257376372
103573775850236
450102099683136
450338195078075
945017171557993
492529251612723
539145846851170
335461555514485
348533141892403
918467313051224
22629945073276
730678657535464
30331769026815
334987690206617
225389108527451
966973366681487
332534358371049
422211946919560
882946119643748
617536379490048
47846961300820
656864735297859
239789486862719
404785271733999
505422504618764
867213701363653
763749795500189
418669615872204
186419344507158
640760536771268
744214062113315
325895601883530
744334313087166
194316161796450
776233796961606
689351484645158
686845413409174
315379644278437
24813040159642
35378555767238
233846957329660
47442985232919
766057213302702
264178726822138
382430675439536
991446321830154
231152093503624
714965034276247
413658268749714
114098213147372
332501413766295
461505230050534
770962948910892
572290900629014
866290501784534
276385453529656
439504602458328
630040297284723
695055069401860
625923946965486
270800834521651
439269131980836
951819548849017
15135147608816
633585293777287
728053346276284
704486632253975
320430707652122
43432990554720
729299672413618
355809263419360
277279947884381
776742657646537
121866476722061
541458674706519
159173333551734
113312798552215
772610768675804
874138367827982
526971067301929
886708981823177
206639781594276
988476297352464
657671930734068
778930682688952
854766799136997
934057384729386
218435285147279
484807096421719
629112454131246
844359232112766
755607930943370
68381586112082
796178780961782
770743078552187
701966880355031
524232127238065
475229710806161
22397588007152
567665117792785
204529383219778
378206851426512
844945066142828
981272041331977
500073328148574
386403740849346
140445374883711
613386126700789
159014509525150
14583742711693
140357194002717
45723491813987
221223524305969
128833491355180
703395422548056
154206994920
983600290492178
637452807277441
218589492142200
468407386913896
266565261874348
62948724254965
224015318322926
334946847986430
859127505682409
994758396875114
36913728341460
383359632920474
469988108146936
59311316348612
951024751178921
674517491366714
437518167775124
795969817321748
655789532698691
937591495923698
182373558171093
796234907582403
550977622624487
341388068161905
810818650294096
691334816627205
387111559975892
32042175065726
820168307982386
90506982523948
32196382060647
803768598474563
727959790267051
250785874668509
272175985854119
994525052141399
313734598923474
496191304177046
329471900127828
172862104605883
490949701052159
366385628934950
556221737992019
960937809199095
425696945283562
507246489170939
635455301031470
863215113524348
303216306492686
291244833730161
800806609448046
485589864663780
87479741778224
351784232538193
826977932825685
898298392072320
43119049165397
214089492801577
930340567138047
863287357613445
304596475791186
962536949664355
667055956088007
32556266058236
213322824332863
939231941942126
27081318199634
527057423256338
435423246119171
356553218327463
699919528327883
926372947636992
722938847262413
256141266319901
887310756836087
148635793011635
763387755490840
522766057867557
11850906535983
66604061983525
814010892063380
812657515984029
552193926647306
901490633841604
164441748522222
379171859938651
799789025913924
207560798153281
593261352740228
730129593517632
70848155766725
897857828531415
692666543181986
737904111854732
930414094589651
905989367514849
677136054262519
957495412789286
433046790771186
112559300381690
314048631582409
132966319099068
38932248018682
36987478844821
389107585418969
926243005320430
185623271856457
152495340909809
449009063187987
197474178392440
219099402893334
263019955251366
10131694842129
771293330006302
164510589092970
174573443364352
150465189944952
964299615472556
382134241517633
743726542685181
694429208990187
452982397284359
641584371682257
387095752172172
190886509604752
571998466271907
293085119687021
868022563867271
529493879526854
726131910458207
980581864248962
843542511109263
859098230022937
19514112733304
880529989954085
248205815441906
945757118053735
66153262276202
400701156817377
394766181241721
263627440668642
619800559710711
657786136958748
273759135510772
391093889717013
822296726051718
448332579340786
541559079661965
786596341524274
830466820858419
285285622812807
481025550514460
283449218608439
926869994495065
868121302686632
474335728213191
498868460766971
161206422373652
342358292080462
28362340293824
887338333297521
322940156329423
871904851403088
746436563320458
342454269062728
752434841822833
994642378762365
288211387116462
818588104099036
395343535579741
682977568823844
82215544767677
15144095756113
340763705782592
355974680744111
406237985473126
163060431834310
804307260084898
947797065600753
949656773824245
634774080943316
233082688413560
430682324338704
918223299551756
159952682908624
298803627490997
392559027764946
658821143675596
460010049864650
734917319845408
687183484435082
347348383162171
57857476640492
559088335838169
93784946482628
400311745703220
311523177661002
88427325710654
688523133285344
130111281760037
483770861290395
371500702109188
212326826993376
498914957046509
712264407891780
568301507737488
905152942985297
875324839726091
372608767822385
852950008586049
824981613550336
7382848765701
86032696999609
255663938354701
925606148783118
245985379908234
554467565845698
318165176548064
904806523583830
14477615710347
53082496859133
591990008018911
361825999338180
110939973499626
151078344322741
455610945820808
511251719202846
462601521983743
544038271531463
199774852488190
592712804209441
27809133287519
571275554597378
805039631202817
526724090334028
283539962489158
373341138940304
431877033319324
158864802680909
745949906762690
284827041905373
983846416231245
753332755528391
370859738904983
239510354585945
678938904311508
616845118813217
793977920431644
997104081325234
521651642862707
808455536607653
50186578184366
113641650881618
170281535945832
161126551683992
264719995204359
625892481766641
672378270886839
727321517653764
169930753763765
872153123840690
320034321863204
197739887051284
443428678438067
125073953066021
724463977385313
726968641392887
498415092006326
156341011170298
885833444073797
244364998769015
441168053075671
869679860305042
997697754297406
812027792446316
109190215356648
676636659074575
428872911259532
903168135788292
673740740399808
950524554122240
711623672395945
723927318584174
64166205469518
881905208341778
885053870268167
328886200673878
507797690574080
557432141155005
56207718327641
677728444337845
429585264995694
376242040190846
875468331389130
873013943899423
501315993256867
599932308774442
599982585292310
999731085263193
756273319944740
485816029366106
244096084032207
197441373486072
355495889671147
241793838795274
9469165932387
464686105027795
918430497869850
438342077191919
367854241281748
592171238269657
388866631779820
79477913677692
316098556853831
453032837249339
961383122485132
201152427121997
781919037923217
469180813059211
758584568277002
838126756716520
146909257397055
188169833738357
214368796907365
22377588786184
61183777637779
715684790629894
622309897560626
661166362930089
715415875893086
378583217971027
146982392296195
959511960390956
576024591457099
502478281967342
201305799186229
585493757389486
967164387460799
119736297056079
23835834581404
335018628742546
711907535325736
412702466361225
414496542420238
28006092179566
865735303610564
375879664905369
229158519301563
647654341999442
845060477964580
987743087578565
485781098715961
991969735361636
175912921316921
700149895623327
14347324147820
237096698954701
415834686253220
636657222174108
898263061884791
131250562611967
15240440145134
45245454180985
90762523002922
591265031602234
547723736613989
292068322189152
176758788991719
514888124074787
411804619245231
200594623573124
849906752817333
123712154570967
613297090400011
264403295237571
151718246750533
479032394010574
640282960608602
380876766052097
126686736010015
485343438573182
368619853630662
612467834725976
477313174400479
544532775413245
312617730814963
491660498548299
781629474367947
728452417068184
128317720722407
679892536718399
859702979680151
143558160867542
725137990899384
950465502683074
734823192469776
272861727513373
242533824872225
911581981461496
787749851588160
654338444117457
112176605500280
637656604405493
778050598688424
725473695900291
902059900108725
929768845438958
204506089910865
542342860717326
310645611491054
331192826386541
27686299290508
679265465587378
943660661112518
504999473690987
223798241000622
256278391927480
996659972704948
5427715368568
984730809461326
124977693427354
685320252086967
844433789141477
268535854760557
410458243452012
794899292290211
3359047230333
683319970965386
37433117162436
914941029157490
471069823019207
691771561745554
27117634657770
108726427424699
469822160433978
752591330558062
10786327533423
399591006338596
957097420468927
553129188250750
710236617829651
288290246855467
580815488006920
389502083417028
231950908433646
85814961697906
613300324417651
488229300361127
82474934402853
618728040251881
472960109822452
207452628295868
304048292338848
317393899429589
475988483056426
714506535790861
112293191719800
479347530286759
397826507221907
149726308882236
394288559444249
868896330241114
841497870627791
421406194102019
977622757665814
311320031527430
173997524660080
988409085664899
710911037866026
131094945594668
541538273915649
421147655695677
419385192450136
122353761922568
810649739578367
651336100883782
208168724086135
423950063996017
139565401710570
290643658488989
42678104247897
612525511533022
498096286784858
346726397052407
929919410962612
974084769841284
61232932843267
42212602682411
453432300593704
459059440065175
191938912030309
847720860037953
327955770306289
33436782658100
269127054605633
305578528437763
344756814185530
443124579265714
293987614102661
55667852051556
574219524860382
835525888018310
476815508212894
993604717776180
957879650406540
287465247791260
644940818659961
166048374492675
711415311787278
784506220370531
456692032981664
754093416500837
397031732369214
954788320232183
100819813553243
326951143331826
928873090073467
162052746396511
369163746479899
382305390667170
621112186927349
561102658510208
230026251170784
949067957233638
594539441168308
499153305776417
254646485671401
939296255819500
942277885042131
548634099774063
994964107871056
516497410368174
384159988258034
471779616083950
510102128144354
342039638664573
759244863875211
155042946804315
508088013157249
470660176128149
939549167640508
964780046138913
224753592628985
336580900009721
919568366371096
325573406182229
663532043341547
848441456910223
487626152578741
32695789821445
230746847577393
108738339506089
593798448331654
460773098748177
57806297205388
188337889965623
959926404524595
312452782876789
127634145785123
902204290032387
861086883116514
122598253656178
418701700400561
245246871374547
594377870205790
928803828544915
587286510039121
353622734081000
83846775349229
95374523196369
824282910209150
23395942989736
60154569335281
49036502838134
359976842999458
979722936172039
374609909020364
23508886806666
828164393082261
862236062064767
56204676628112
58911240659654
970974401570857
650003125425428
519684339873493
28780698776245
838341015391052
479610744398087
341233482118696
965975161176175
381815034430474
202320365235209
88573414832353
800516734831036
447567236609757
682951285038144
729320563375950
34853746648877
36574019584804
813167339190841
130228269845247
860856929793954
836563282180578
190382839180529
909893433097750
196540125645697
170105775352567
284503342118114
220049012452364
998270168434829
146739404182881
276253689080477
57181409560144
117713806219399
926256814505905
576865749433637
146494504995644
764597829896957
56476493831723
487727987114340
730572991073132
438291528727859
690048352349550
819146406371147
238808263558894
137615588959306
502097691409290
968128827400506
172469335608184
538671710994095
781296166591347
302697605453431
399528641253710
617859448771924
493080445099622
309422074351460
814399574417621
663186220452190
593925416469574
34448586869984
661456389352679
740664821118117
310702276416123
718637798912823
858378627337516
236959090922028
295503548346460
4873132333159
1556921284645
351980042178184
492601119913161
732129912357778
790271570906043
182649472262710
551276318728924
29079834930598
320265061687678
53374010603874
997208662331105
492734397295862
592045721597970
778504828922451
795432003214956
991574362851680
396364277694374
288512448314577
300996437203139
210763852577656
951698668766767
894921854138375
245212439447641
613155058119446
635586675256491
555914715863764
331792857032269
493965302594006
792873807251454
627296405378729
498838434927166
794430728536100
979276448022575
991439554840327
526560640893877
769548018928618
174089027568698
77836960088461
798627853859216
494354089256376
131210970692336
795836516190321
987088486552239
723256692290306
574341345112771
782520489767194
714831055607647
970705623272807
71032938081771
15827492810785
181469475850463
22731607314199
910749346949161
426681915298104
635886665433645
546336022205651
982596631627530
967679522931576
40301324799656
775470438878984
594975928310305
539139760192484
569901167415083
574252376332879
530579315032810
96461808308959
343800395727157
704668342601508
174298768397420
142428249586373
199022431857884
305509739089757
938264766242356
186110918875783
28766431845724
512606111355126
968631408642978
743597487453372
483311734627932
39664347190409
759424980264157
664781210478395
62395954504609
670174327678979
91463126242160
698282619938255
216510349884629
74059757869690
665962142869830
256811675149947
849530196748674
260938071645796
795951435342431
419431364163756
835190447978676
326530750375241
515893172472715
178990843705833
31199093442410
690191941335798
321419093757868
230221525300294
995701680425555
259683860000223
416332444176078
24468112271279
772289971355349
384963853284717
768065599724651
255601706448942
424628200475126
527490580454469
920382916927338
487024154979736
197664908133447
11846043169498
185306774917990
414175258018076
85905801039189
851268918253482
670986933168024
935435997787864
112206989899277
466938368510455
354867361951619
947397437877954
793469119351358
870760534889996
126388282049447
824668212793768
560952476225793
447807375807315
54889738094061
556654156651348
707491235807538
471222182735801
581122269388288
479781207162887
856186036020518
349187869112939
735382913611830
280814236495644
876678449567408
655765831004828
767838391475380
74343357700854
667611874174327
953145166393370
488518616184592
753517675679177
804414084646851
159505549352616
688953673467040
916621074546129
626443918328732
43821035884320
864018512889743
419913037680089
914581570774317
990406794939191
244581250473857
475534047000110
438214170746505
299470988567918
32188203651458
145705406554043
770693171303720
613310473039746
625486613716930
626879207324237
962498342618347
360869527794421
907693443819881
839176792185754
16635358799248
675531835295260
913520150352270
684247232973576
628677002154291
402038766536862
437764908652753
433091086801141
561544315889478
126718582585454
349712161812931
187988234218210
170539618469774
213730674702674
607901271898300
85121189244091
204137469641864
852482522372157
560655236244202
642351640388370
151953511405736
592843439895660
788057046942413
922646682709456
206153913401067
413543660659343
549525890499353
168652256019413
774413188453764
457219334319234
7829048205167
791048547253013
132751170080155