100
5
248 -138 921 -759 -347 
-483 -954 -525 748 673 
5
273 -296 -24 473 580 
79 745 -306 935 925 
6
-943 -170 942 755 436 173 
133 -662 554 -619 200 474 
8
854 991 -331 -672 739 -658 -294 11 
46 682 -516 -375 -239 -771 320 -305 
2
790 -248 
-17 731 
7
-58 -10 64 -24 -55 -98 96 
94 -36 81 93 31 -87 66 
21
-16 -33 -30 -48 16 33 29 39 -36 99 54 -57 -27 -48 -84 24 -6 7 -12 70 53 
-10 66 46 55 47 38 -14 61 4 -49 -55 71 22 -2 -14 -46 -74 -76 19 -76 79 
21
-2 -70 80 -78 25 -14 11 -5 -61 -100 -40 85 56 -94 23 -58 68 -74 -7 -88 98 
-85 10 -16 -30 36 9 89 61 -13 52 -41 18 31 -19 -57 -84 92 38 -44 93 98 
6
48 -96 64 90 72 90 
-17 84 88 -1 -6 -29 
22
-71 81 57 91 -33 8 -51 86 -61 30 -71 -44 21 67 12 14 65 52 -38 69 15 -49 
41 5 35 24 -8 -67 -83 64 -98 -53 44 59 -63 -89 -33 -13 98 7 -84 -74 63 38 
25
-26 -48 57 -74 14 26 42 65 -34 -54 0 91 39 34 -92 3 36 -45 -53 -5 -7 -42 63 80 -44 
-31 97 -18 -68 35 -25 6 87 -68 32 0 58 -27 -35 -77 20 66 -86 -41 -1 -78 63 -65 -22 -91 
17
71 -33 -7 51 24 63 48 -95 95 -17 -20 0 -31 12 -68 70 -30 
6 -66 -6 -75 -100 8 -15 -1 31 -53 35 -92 -44 -35 80 24 58 
17
-53 21 -22 -47 15 61 34 -85 -70 -54 -52 100 16 54 -66 -91 80 
-66 18 -36 34 -52 12 -32 -43 68 34 -64 -8 -8 67 40 -88 -55 
25
28 -94 26 44 -63 72 92 -63 -12 45 -28 -2 24 7 -85 89 -60 -36 0 9 21 -32 -57 58 60 
35 25 0 47 70 -8 -25 77 -82 -82 -86 91 -91 -49 -22 54 23 76 -22 -71 92 -34 -30 -44 66 
23
77 -66 -78 34 95 57 -41 -6 4 -71 87 79 -95 -96 97 -81 95 -95 -29 -27 60 95 -51 
-63 -77 -59 3 -6 -3 -31 -26 -27 3 -4 -93 -2 -47 -33 92 58 -4 78 36 1 82 33 
16
77 38 93 -50 -2 87 0 35 -90 41 -62 4 -63 8 79 11 
-89 -25 18 9 29 85 0 -14 -19 -23 -79 83 -41 55 3 -64 
12
-5 -13 91 -18 87 25 -8 27 64 97 64 -29 
75 -26 -18 -50 93 91 79 78 -10 -36 -42 68 
11
-60 -73 -60 44 -37 33 -61 51 24 21 37 
-52 -87 -36 -89 -91 -72 -18 85 2 64 -66 
12
55 -87 -27 -56 -23 32 -88 64 73 -61 -96 17 
3 38 57 -47 -39 -22 91 9 -9 -46 21 1 
11
-97 -14 85 68 20 -20 22 34 54 67 -90 
-15 79 75 -42 -83 79 75 21 16 31 74 
23
-92 64 -14 0 -82 -93 -100 1 -89 -14 -15 79 -94 65 1 40 19 -33 51 -97 -54 25 -39 
-36 3 -64 85 -81 68 58 97 77 22 -18 -24 41 -10 -23 -59 1 63 27 -20 70 -8 81 
14
-90 -52 -40 -87 -6 85 -25 58 -12 12 42 8 -21 0 
4 -45 -78 87 32 64 -24 -92 -96 78 71 31 -43 41 
3
-62 -51 -68 
-14 9 -54 
23
-6 22 39 83 -67 -19 -10 13 82 94 69 -97 80 0 67 -44 9 72 -66 -21 2 -9 -80 
25 30 -30 58 -85 79 -97 97 -27 26 35 -45 60 -85 45 -28 97 39 -59 -100 19 42 68 
22
-50 39 -92 30 -59 0 50 66 -71 -81 23 -55 99 27 -59 -29 -48 77 27 -89 93 -28 
-16 90 -90 25 90 29 -34 58 4 17 -4 13 -54 37 -87 96 3 -58 -86 -74 -12 -88 
44
30 -16 -94 6 -90 -82 -1 -18 2 -12 -7 -73 -22 -78 -6 -65 26 -90 31 -61 -44 -32 -48 -48 72 -5 -34 98 84 -21 51 13 63 57 -81 73 75 19 -45 -23 -94 49 5 -15 
71 100 20 -4 -91 -49 36 -34 20 89 18 -9 -16 85 -11 -33 -37 -60 81 -75 98 -100 99 73 19 -46 -51 25 -98 55 -91 73 54 30 -31 64 81 -96 -71 1 94 48 92 -23 
42
-19 45 95 21 25 -81 18 25 -82 -10 -57 -28 40 69 -26 -5 79 -53 -52 8 16 -89 -11 21 -59 90 14 89 82 92 20 -38 36 15 84 -40 35 1 86 53 92 -72 
-75 32 98 0 -74 76 47 -25 -16 -38 -14 73 84 28 63 -3 16 45 -12 -64 -94 -76 52 91 -16 -14 -9 -31 -61 -17 -2 -36 -85 -5 65 -59 -30 11 17 54 74 -98 
41
57 30 -11 -46 -54 -66 42 -17 -60 66 -66 -70 -50 21 22 20 60 -95 -83 -76 -80 13 89 -38 83 0 79 37 -27 82 -37 -71 12 53 -17 59 87 -75 -59 -73 92 
-25 -42 -58 96 81 62 56 87 80 80 -93 -8 69 -31 -25 -32 -52 -89 41 -70 -25 71 43 -72 -46 1 -85 -20 43 -57 -28 -82 2 14 -87 -18 -24 70 -31 -45 50 
34
48 18 46 -78 87 95 -67 28 -76 9 -2 68 37 53 -32 53 -68 -89 96 4 -71 -3 -82 -58 80 -6 -88 -52 50 62 24 -3 -20 -30 
19 -34 -36 53 94 -11 -39 -8 -44 99 -56 25 51 -23 36 47 82 65 -56 100 -93 -76 -6 -81 -28 -56 82 97 41 -39 -34 -40 28 31 
26
21 -81 -26 -87 -25 -28 -42 -100 -77 35 36 70 16 0 -86 16 8 -62 -90 28 11 -46 9 8 95 70 
74 -46 -2 5 -33 -81 24 41 -68 100 -87 -10 100 -64 -75 35 -94 42 -65 -80 -43 43 -41 -33 -30 70 
40
80 -23 17 50 -49 71 -53 56 -62 -34 -21 79 -2 -22 92 89 -23 -72 -87 -88 -66 55 -53 -45 -89 91 14 -21 -40 -17 -99 -61 61 18 89 -89 -11 -64 67 27 
2 -54 6 100 25 -2 88 -98 26 -99 -86 61 56 -39 -85 68 -48 30 -53 12 -87 -52 52 74 66 41 86 -46 77 53 82 -21 99 -13 -21 24 85 -33 26 11 
33
40 -29 -77 -99 -13 91 -47 -84 -63 66 -71 -14 18 -97 -49 -41 89 6 -64 41 -13 15 40 74 94 -37 59 -40 89 -31 28 29 41 
52 30 -73 42 83 -56 80 49 -26 -35 -34 -23 17 25 -34 -78 61 -93 9 -25 47 -17 -31 -90 -58 29 100 12 -43 28 -48 -92 -43 
35
50 -60 24 30 89 98 96 -45 -25 12 80 42 35 41 49 -56 -84 -4 27 -15 7 70 -86 6 -19 -29 -66 33 -21 -9 -88 -71 32 37 59 
21 35 55 76 -90 -33 56 52 -99 -4 1 -55 12 98 73 97 4 42 -90 -90 -78 -18 -56 56 61 36 69 90 -33 5 49 88 -60 4 64 
31
71 19 -99 72 -86 3 -83 27 0 90 24 -97 32 35 -87 55 -84 -43 11 77 93 -21 67 -40 85 16 -52 -76 -81 -89 -26 
90 31 -24 62 46 79 79 -28 -22 69 96 -18 1 30 -5 -44 47 53 67 23 46 -54 -10 -95 -70 -95 -47 -46 -76 -35 29 
26
96 -96 77 41 84 56 -87 -39 25 -92 44 -75 39 -62 -18 -15 92 -52 -92 37 -6 -2 43 25 4 97 
79 29 -39 8 43 -43 13 20 99 -4 -25 -89 58 100 -80 1 -75 59 40 7 -56 31 56 -48 -33 -50 
44
-90 75 -46 -94 54 83 -33 -39 26 25 74 -55 23 -30 21 34 -73 21 54 28 46 13 -33 -47 57 99 -92 -91 -34 -42 61 -24 -68 -85 -18 86 99 50 -53 25 -26 -79 71 97 
-9 -9 30 18 -89 -16 -54 58 97 14 -90 54 12 -81 63 79 -22 24 -46 10 39 37 -4 37 -14 44 -39 61 65 -69 57 -44 23 -13 74 34 71 -80 -8 68 34 2 21 -54 
40
-16 -75 100 -93 -21 10 46 -84 -94 -17 2 50 45 -38 15 76 -81 71 -1 7 44 -68 -23 65 25 -55 -1 -74 66 46 49 -51 71 48 -43 -51 -43 -97 -35 -37 
-14 68 -88 -70 -70 27 -94 -50 -3 5 57 -59 38 -66 -94 -38 -21 5 -11 -56 -50 -63 -6 -79 85 52 -30 -58 55 36 5 -60 4 18 -29 35 -56 -23 85 42 
48
41 84 20 75 91 82 -47 -5 -29 -2 46 8 93 67 -7 44 -63 35 -2 74 -61 39 -22 57 -91 -88 -99 -14 98 44 -32 38 28 88 13 18 70 67 -87 -60 -35 60 49 -42 27 -58 -99 65 
77 0 38 -84 -61 -84 74 -52 -71 76 35 -74 19 -97 65 -53 91 -23 66 61 -56 79 -99 9 39 50 67 -35 92 69 -71 69 -31 68 85 8 85 59 56 -87 34 -9 -61 -48 -6 -96 0 -15 
35
-35 -55 26 -57 -53 -66 83 97 -99 -53 89 70 -23 58 -62 -56 43 47 -71 1 3 -58 -66 94 -18 -13 -13 -14 87 72 68 -49 -83 -7 -5 
-36 28 -23 -39 29 25 -50 -1 -99 -93 38 -54 50 -16 -25 -49 87 18 -15 80 100 72 -33 -14 58 -62 -47 -91 -44 47 4 20 -25 82 82 
25
6 -69 3 8 -61 -60 54 89 24 -71 -60 10 47 25 -10 47 -3 57 -68 -46 96 -14 -36 -49 -68 
69 72 8 50 53 11 -44 85 -86 64 -77 -46 18 -88 79 48 -48 -11 -6 77 79 -59 -27 36 -27 
41
31 59 92 83 92 60 55 -1 10 8 -90 66 -8 -76 30 15 -21 -52 27 -43 97 79 46 -9 56 24 32 -71 -40 -96 57 92 64 49 75 56 9 29 -46 -82 -63 
-35 85 29 -10 15 -57 69 64 71 -75 60 50 72 -49 5 -4 83 35 56 88 -8 47 51 -60 22 6 49 -50 61 68 -13 -75 53 -84 16 -32 -40 -16 -69 -70 10 
49
81 -19 -58 -14 77 -75 -80 33 -88 12 -20 63 53 -99 -31 2 -48 -71 -31 40 -45 -78 56 71 -10 -85 -45 22 -54 65 14 -73 -54 57 13 -77 82 33 57 94 -55 -64 57 98 -63 -74 -1 -11 -45 
69 -71 11 91 85 -19 -19 -100 36 -97 -53 1 17 -26 48 -26 87 72 -45 20 28 -51 66 64 -94 64 -99 -68 -38 -10 -12 -69 20 99 -78 4 -21 4 5 -85 7 52 17 -77 -75 -36 -2 -88 -65 
44
33 64 -98 -2 27 -92 -39 28 -59 24 -82 29 55 38 27 78 -58 -94 -19 47 -79 88 -2 39 -89 24 -97 9 37 -61 -38 -31 -98 -36 68 29 -27 -72 -44 14 53 -25 -58 8 
-87 69 -15 -45 75 67 -99 97 54 0 35 66 -77 38 -25 60 77 37 -71 79 -99 97 8 -26 -75 65 88 78 -61 -70 -14 -47 100 71 8 75 37 9 72 -9 -91 7 -44 -68 
30
32 93 -79 -32 -79 -100 -31 -82 9 43 -57 -27 31 -79 13 62 7 66 61 -23 -26 36 -86 84 7 6 93 -87 63 -75 
-42 -6 -83 -20 62 -61 -19 -69 -43 90 75 0 -37 5 21 77 -33 -73 42 -72 5 -84 64 20 100 -30 -74 92 -16 89 
27
42 -17 -66 -78 -55 -27 3 -24 31 -7 -50 -70 56 56 52 32 -77 80 -26 -49 -15 -10 -86 -95 -11 -15 -69 
-19 69 -80 -3 11 3 31 33 48 -96 -64 -76 35 29 -25 66 -16 -69 18 -84 -46 -3 -9 5 83 81 20 
49
-30 -96 -82 51 74 -61 -52 -15 42 80 -83 -10 84 -46 15 19 83 90 -16 -33 -79 -99 -16 -25 -1 75 81 -19 56 0 -32 -75 4 -13 77 -22 26 -76 63 -33 -96 81 58 88 -66 -28 6 -83 -38 
91 -16 -16 92 68 59 -10 42 39 71 -3 -61 -61 23 44 26 0 -79 -49 25 84 19 29 64 -24 17 99 49 -78 -85 -89 -87 -1 -5 -95 -33 -46 -4 -91 94 -34 7 -68 6 -71 76 -69 29 97 
35
-47 81 -100 83 45 -23 -1 43 -74 21 58 -63 35 -43 33 40 24 87 -65 33 80 2 -61 -88 -93 -31 88 -62 99 85 21 -48 65 22 -66 
10 100 33 -48 -75 -46 -91 -38 89 -33 96 28 91 82 64 24 62 -35 64 74 -28 -67 62 11 -69 46 -68 -16 11 54 18 -80 53 -50 -27 
48
4 -18 -59 -7 50 -64 -79 40 -83 85 -36 80 -51 -72 53 22 -39 15 -67 -7 -39 -35 77 73 -81 -6 93 73 45 -35 51 -51 48 92 42 -3 -73 63 -63 -55 47 2 -76 97 30 78 18 91 
-7 51 -16 54 -85 -40 26 -66 55 19 -93 -1 84 58 49 32 49 -10 -71 76 -48 -33 -79 100 69 -54 96 -2 -77 13 -11 16 -36 73 -30 -21 -67 96 14 89 14 21 -12 -2 -21 -64 -70 -73 
41
-41 -97 79 26 -75 79 -6 -29 74 93 -6 -13 -18 -90 51 -45 -19 -70 -12 -24 45 -23 91 -34 65 -12 45 -100 18 73 27 78 76 6 4 -100 -16 99 -28 -42 91 
67 45 -28 77 -5 27 -43 25 -85 34 -31 -7 24 36 -43 -88 -20 -42 30 -48 86 8 -72 -8 -89 -71 76 -91 1 -67 -100 -33 78 -27 -56 -27 -100 2 99 -85 -65 
33
8 60 -97 66 72 -17 -76 2 36 -91 -91 64 2 -80 94 -23 -70 -6 11 -70 62 -11 4 -95 62 4 8 60 20 44 -73 -73 3 
-70 94 -26 14 -82 76 -51 -72 86 -88 30 -94 -95 -94 -64 0 17 -33 -39 -94 71 -33 68 -26 75 28 94 18 55 -79 -80 86 -85 
74
-1 -34 -15 24 -20 -22 31 46 -19 34 49 -1 -17 7 33 14 11 19 48 -6 -45 35 -42 -48 -6 36 -37 4 28 -29 -49 -23 -12 -13 -49 19 16 32 14 47 15 13 -4 49 -30 -21 12 31 48 10 -26 -47 -5 -17 -45 39 -32 -31 -7 47 -10 -5 -26 28 33 -25 -4 -2 -43 -40 -6 23 23 41 
21 43 -31 -17 23 -33 43 48 -30 -13 -20 -24 -24 -1 -5 19 -5 35 -36 19 13 47 45 -41 -6 -49 -31 39 24 42 30 -5 35 50 28 7 -34 21 5 -14 -42 35 12 -16 -16 -43 -47 29 42 -32 -3 4 -36 -8 13 9 -6 33 -2 -32 24 -23 13 8 -24 -9 -35 -7 -39 21 30 -30 6 -8 
77
40 -1 8 18 -10 26 -35 45 41 7 8 0 -49 -9 48 -31 -36 -25 32 23 2 -27 39 45 -16 9 25 5 -35 -34 -41 -46 15 18 22 -45 -6 38 -50 -16 -5 9 34 -4 50 32 15 -36 -44 -3 38 8 20 26 3 -46 -15 -23 9 0 -7 18 5 -42 -15 -24 -37 29 -36 -36 -37 9 23 48 -46 22 29 
19 37 36 -34 24 -6 36 0 47 40 36 -26 -2 -14 17 -34 41 25 1 -33 39 -20 -19 -48 -6 41 26 -9 45 -3 -30 14 -16 -44 30 -43 0 15 8 -4 5 -7 20 -48 29 -13 -32 20 -38 20 37 -49 -50 -32 -47 -5 -42 29 37 -47 -24 -44 17 10 -38 -3 18 12 -38 -25 -42 17 18 29 20 -3 -34 
94
-34 -22 8 -47 -21 9 -29 -17 -47 -21 -38 40 -18 -12 47 50 49 -42 -4 16 21 8 42 30 -25 9 9 45 -44 25 33 -28 -48 -10 -25 -18 49 -3 15 -48 26 28 42 -42 -35 38 -43 -36 47 3 31 18 -39 22 -2 -14 -19 -44 -20 -12 31 -38 10 34 3 36 -34 2 -18 32 4 -42 9 -4 -34 25 -16 -27 39 -19 27 20 50 38 -9 -2 -26 23 4 5 -40 -15 18 21 
-31 -29 7 -15 23 39 -34 -23 47 26 24 -38 0 -42 -14 -12 -11 -38 -42 -11 -50 0 37 -25 -28 -9 31 -17 27 -2 -46 46 19 11 -19 -8 -1 -2 20 -4 -27 -7 9 23 2 45 -39 42 -43 -31 -20 -42 20 -33 -17 42 8 -37 -25 -16 12 -21 -20 -19 40 11 23 -11 -41 -8 35 -17 36 -6 -45 -13 -12 -33 -22 -4 -13 9 4 -44 26 37 49 -17 -50 -26 18 12 4 48 
97
-7 9 16 33 19 -42 17 -49 44 -40 -43 -19 -1 -25 10 45 12 -32 -2 19 45 -15 18 -22 -14 43 46 49 -4 44 42 40 3 7 22 -29 15 -11 -27 9 0 -20 41 49 5 1 44 -33 20 -8 37 14 27 5 42 -37 -3 38 -39 44 32 -48 33 -16 9 4 6 -26 43 29 34 -8 -42 25 -9 14 -25 -16 31 45 26 18 9 3 -28 0 16 20 -12 28 13 -31 30 -5 4 -11 49 
-40 14 42 39 -2 -17 48 -28 25 12 -2 -42 -7 -7 35 -40 -49 -12 -18 2 -46 -49 40 32 14 -41 12 -41 14 -49 -43 24 15 49 13 -37 -18 11 -14 -43 -28 34 -35 15 -23 -50 26 -22 -12 -43 31 -7 -41 20 -25 24 30 37 33 -7 38 41 -34 3 40 29 16 -28 -10 -48 -21 12 37 -5 -23 -37 -5 -48 -9 34 -40 -29 -24 -30 42 2 45 21 -12 27 -36 -24 18 -20 30 7 -41 
73
29 -1 -2 -43 -39 -16 2 -12 -3 48 -9 39 31 1 -40 -43 22 -49 9 16 23 48 -7 37 -27 -40 -33 -48 17 -24 -2 -5 25 46 3 37 -20 -45 -26 27 -48 16 15 34 -34 25 41 39 27 0 4 0 -2 47 -13 21 -44 4 24 24 30 -28 -31 5 -32 22 -9 -2 28 16 -25 30 -19 
40 13 -2 15 4 -14 -8 -46 41 42 2 37 -22 -27 44 33 48 17 13 -31 36 -32 -12 8 10 37 -15 -25 -39 -35 7 -50 28 -45 16 -18 -9 -43 -13 -18 50 39 -31 -22 -39 -38 -40 -42 30 23 -22 16 41 17 -27 0 3 9 26 14 24 -18 15 2 -13 -20 34 29 -13 -30 -39 -13 -41 
65
15 -29 -7 25 -20 -28 -2 8 38 -12 -26 -39 39 28 20 14 -9 -6 47 -45 46 -16 -15 30 -37 23 -50 -26 -41 -41 4 25 -19 47 0 11 -31 48 -31 -44 -14 -6 -32 -26 -29 39 39 12 -18 36 17 -22 -31 -48 -43 -17 26 -42 7 35 -32 -40 10 -1 -43 
-41 -41 -24 -44 -21 -17 -7 23 1 18 44 -10 6 6 23 -8 -27 -50 12 -24 -42 45 -49 -34 1 37 -16 12 -4 34 19 5 44 46 12 -28 -22 -46 46 30 22 40 -30 -22 -5 43 21 19 43 -18 45 -50 -23 46 -33 28 32 2 -10 -23 -15 -41 33 -21 -46 
72
1 -17 -1 -4 -38 -29 -15 -18 0 31 -26 -30 -1 -33 2 -7 -32 30 -11 -14 7 -30 38 48 -2 -27 -44 -20 2 -39 25 -47 -6 -26 -1 6 -5 35 39 45 16 -37 -36 -35 -20 17 9 -1 -4 48 35 -47 -32 23 -49 16 46 -43 47 -2 -32 22 1 12 46 -50 -32 -10 35 -43 -15 1 
-30 0 16 1 -33 -25 -50 13 -28 35 17 -9 8 19 -43 3 26 -47 -50 45 26 2 7 21 2 26 -39 -13 33 -3 38 -47 47 4 4 -37 29 4 27 -49 -11 -6 -8 47 -38 -1 0 39 3 1 34 -21 -48 -10 50 4 -34 -39 42 49 9 29 -49 5 -17 6 19 -38 -40 -5 -37 -1 
95
6 -4 -49 -45 46 40 9 -3 23 38 -1 -37 38 -47 -21 50 45 -22 8 24 -20 -38 -44 36 31 -32 46 -24 -18 -5 -35 38 41 -34 44 37 -44 2 -17 29 -10 33 43 -23 37 -29 -24 31 0 35 4 30 47 11 16 28 30 12 -46 -39 -44 -31 50 48 -14 44 35 -8 -5 -32 -29 35 -50 -37 -38 37 -15 -11 18 35 -27 -28 14 -30 33 -20 48 13 42 -49 24 49 -29 24 47 
7 17 31 49 -38 49 -30 48 50 -17 -41 36 18 -1 4 2 22 26 -34 42 9 -4 40 -29 -12 42 46 -14 -38 20 -18 20 -13 -38 19 -1 -39 39 -3 -40 -29 7 47 40 -45 0 -8 27 -25 9 19 35 -46 8 -44 -7 0 -49 29 12 21 -40 -19 -42 -27 -50 7 -15 39 -47 -5 -40 10 -8 50 16 42 -8 -8 -33 -50 -39 -49 -45 20 -43 -2 -31 -41 -24 31 31 -13 -38 39 
81
-38 -4 46 -49 0 -9 -39 -41 33 -39 25 25 3 -33 42 4 -21 44 9 49 -49 -44 -33 -39 -17 49 42 20 -39 31 -19 -27 -23 -23 -25 27 18 -14 37 1 -3 12 -25 -50 29 -33 4 -43 -40 -38 -44 -38 -31 -27 -27 2 -29 -35 -28 -18 47 4 6 -27 31 31 50 -1 -33 36 50 15 -3 -25 16 -24 -8 -31 -16 3 -18 
-10 15 1 13 38 -47 35 -47 -24 -33 50 30 24 -28 10 5 -29 -41 22 -43 -42 -14 4 -16 -49 30 26 -29 -37 -22 3 3 44 -46 -34 32 -42 -49 35 -16 -32 34 -37 43 -44 24 -3 -23 33 -32 -16 42 5 39 -25 7 18 -50 28 32 -21 -19 -15 -28 -14 2 -47 -6 3 39 29 22 22 42 14 29 15 -39 -45 -2 -21 
70
-11 35 -21 14 -9 47 15 -31 29 44 1 -37 -34 38 16 -31 -18 -32 -42 -40 41 30 -48 5 8 18 16 14 -35 46 -46 4 30 -17 -33 -29 -20 32 -10 -42 26 42 -28 42 29 38 -39 -39 -44 -31 -29 48 50 -27 2 8 41 -33 -28 -44 -37 -24 10 43 10 27 -37 40 9 4 
49 -16 -5 -30 -24 -26 -42 -13 -15 -35 7 7 -38 6 31 14 -37 22 32 -15 28 45 12 -13 38 -29 -36 -50 -39 23 5 -41 -43 50 -21 -17 -26 -12 21 10 3 -23 -34 15 34 47 -21 48 18 -40 -18 -5 -45 45 33 44 -35 47 44 -23 20 -2 -14 28 -2 16 -39 23 -47 32 
66
6 -41 -2 -29 43 -5 0 40 -38 11 -28 8 17 -34 -10 10 -18 -13 4 9 -43 -48 46 35 0 11 47 -28 14 28 5 -30 38 -48 -9 30 -3 42 20 10 3 42 -33 -31 -42 8 29 -9 46 -18 -50 -47 -16 46 39 35 6 35 -43 -30 13 12 -10 0 15 32 
-20 -38 24 50 22 -24 42 40 -5 50 -2 -26 -9 -7 7 -9 -4 42 -13 -16 27 43 -31 35 -37 32 -4 4 -19 -39 -14 12 -27 -41 11 46 -15 2 35 31 2 -18 -45 44 26 12 -16 -28 4 21 7 -20 14 26 -36 28 8 11 -19 39 22 17 0 46 26 -39 
96
-39 14 26 42 -34 -42 47 -41 34 9 -7 -44 -38 -36 13 -8 29 -11 7 6 47 -33 37 36 40 4 -14 35 -21 -2 26 -9 -39 2 -18 -23 10 -21 -14 -6 39 30 0 -50 45 -37 -7 24 3 50 -21 0 -33 -34 -15 -44 20 22 42 50 -31 18 -10 -19 -31 23 9 30 -48 46 -27 41 25 23 42 20 37 -15 -7 -11 -15 23 39 2 40 -26 9 10 47 1 9 -34 -32 50 -3 -12 
22 -45 -33 25 -49 -10 15 26 -37 7 -4 -50 42 40 -11 -24 13 -22 29 2 3 -12 -38 -1 39 22 15 -43 21 -38 -5 -7 -32 13 -33 -31 -47 33 46 -34 -11 -9 -33 -19 -19 7 8 44 35 -14 -4 -12 24 8 37 13 -21 2 20 -50 14 -36 -7 33 28 11 -49 31 -7 47 48 33 -12 -36 -36 20 21 22 13 6 -42 -41 44 33 17 31 -5 47 -17 -36 48 48 -21 -10 30 -44 
50
31 37 -5 28 34 -22 -34 49 -8 36 19 -37 -1 -25 -28 8 -31 -46 -25 50 -1 -28 -17 14 -31 -20 43 10 -41 50 11 41 36 -45 18 20 -17 35 18 26 20 -13 40 -31 12 -39 28 31 -35 -48 
31 15 -25 -37 -21 -5 -6 -28 -46 3 -29 16 -7 -43 22 -39 27 -45 46 -6 31 16 31 20 35 -7 31 13 -27 47 16 -46 12 41 -32 41 -15 12 -38 -10 -36 -16 -45 8 -9 27 20 -33 33 16 
81
13 -19 -7 -18 -34 36 -37 29 -41 -40 -6 -37 23 -15 -18 14 21 44 27 -40 -42 -40 -34 17 1 44 -14 19 26 -49 -20 -12 -17 23 21 -1 9 35 -22 19 46 23 33 18 -42 -36 -19 29 -43 -43 40 -34 -32 -45 33 19 49 -31 -13 24 -30 18 -38 4 -9 34 -48 50 18 -19 18 13 -46 0 -19 -38 15 12 41 23 20 
30 39 38 36 22 7 35 41 44 9 -39 12 21 15 -48 5 18 -48 -28 49 21 36 -48 -29 -34 -36 36 29 -45 8 -1 36 -3 -14 22 -32 43 6 -42 37 -36 -31 -1 36 34 1 -10 1 4 13 0 -26 -2 2 -5 15 17 -19 -7 23 39 42 8 -15 -22 -21 3 -29 36 12 -42 50 32 7 36 15 -43 -24 -34 11 39 
83
36 -14 -31 -20 -49 36 11 -6 9 0 -14 -33 36 14 -4 -11 35 -18 -50 43 -18 32 0 -33 -3 7 -7 14 -32 -19 -20 -46 18 -1 -16 20 -15 46 -37 44 -4 0 -40 -19 -37 7 21 49 39 21 42 -30 3 -9 -12 50 49 31 14 -33 -38 44 -29 31 -8 6 0 28 1 14 21 48 -37 32 -21 -23 -12 50 -25 -23 21 -33 -3 
-27 8 35 -27 6 16 37 23 28 31 45 9 -27 0 -41 -50 -49 23 21 49 37 3 -22 -37 41 -23 -11 -33 48 6 15 -29 -36 -1 -5 20 -35 -19 -7 43 -39 -13 2 -15 38 11 -15 39 -17 -44 37 -30 9 -36 -17 -1 -8 22 17 -10 -22 -19 11 -8 31 -44 -38 46 -13 6 39 -1 44 -10 34 31 -49 -31 19 -15 -25 5 5 
92
20 38 -17 -38 10 50 2 38 -19 -37 -21 -39 -31 -9 -43 7 48 46 -44 41 -14 41 21 -13 -41 -11 22 -16 45 -24 -32 14 -37 1 27 24 1 -22 11 33 -8 41 44 12 -18 -49 -32 -21 47 -25 -31 -18 -35 40 19 -25 -22 -10 10 -28 16 28 37 30 -21 14 3 30 42 -36 12 -16 -46 6 46 -14 7 -36 16 4 -10 35 36 6 24 5 31 -48 46 -10 -25 12 
-33 -38 -9 -4 26 45 -24 18 -41 39 -49 -37 -5 48 0 -49 -38 -35 6 2 -50 -9 -42 25 47 39 27 42 -22 -49 3 -4 -36 45 42 40 40 -32 7 49 -43 9 -38 2 6 13 4 19 29 -41 -29 29 1 -21 3 -3 -33 -20 -11 -4 -18 43 42 -4 37 34 -15 27 -49 43 25 -42 1 38 11 -44 0 -36 26 -21 -27 47 -43 25 -25 11 -28 -7 42 11 39 -27 
77
30 20 -10 14 -46 -34 15 48 42 24 -2 30 -16 5 -21 -1 -20 8 23 -23 16 -3 3 -23 19 46 -32 -20 35 -9 33 15 -40 -27 -22 -35 -10 43 -37 -19 17 11 -40 -49 -35 -10 0 -4 49 -28 23 15 20 -24 42 -12 -29 -40 18 -44 1 1 21 12 24 49 28 -37 42 41 -5 8 2 6 10 18 46 
-40 -37 45 -18 37 9 -48 -38 1 -10 -16 11 -42 -10 -38 10 -40 25 -16 -42 3 -2 50 -6 43 8 46 -2 -32 13 -6 -22 27 -11 11 13 49 13 25 -1 -47 -41 -40 -39 -1 -28 21 9 48 -46 18 0 3 18 44 -5 -24 39 44 -6 2 -12 22 -22 27 -18 41 26 46 16 -26 49 25 -15 -41 -26 8 
91
33 5 36 1 -46 -12 -32 49 34 -6 38 28 38 -11 -35 10 18 43 43 9 18 38 -25 43 36 50 -23 46 -26 35 26 -44 -10 12 7 -6 -50 26 -7 34 -30 -20 11 -43 20 27 18 -13 19 10 46 -13 -3 -30 -20 -17 -30 7 -22 -6 -8 -46 1 32 17 -42 -24 17 34 19 0 -47 50 -39 -39 19 38 30 -44 7 -11 -49 45 37 -28 -26 -30 -7 31 -2 38 
-27 3 -12 -45 -31 -3 -19 36 -19 -50 -14 -16 50 -2 -4 19 -14 -24 25 43 15 27 37 2 49 -39 22 -8 43 -30 -21 -35 23 17 -30 43 -36 2 28 -5 3 -36 30 2 12 -25 -29 48 1 46 40 -34 22 27 19 21 39 -9 -38 31 12 -8 46 -16 -41 -34 -24 -27 19 -46 18 -29 -32 -3 24 30 23 45 28 -26 41 18 -9 12 -6 -41 -17 -17 1 -4 -37 
56
38 -41 -3 47 -25 24 -31 45 28 38 -35 47 -16 40 27 -44 34 4 -19 25 -29 22 -13 16 31 20 49 -19 -35 -39 -7 -47 -30 41 50 -4 14 -31 -10 -9 -44 6 -12 -10 -5 -36 -3 -21 18 28 -47 39 -1 -10 4 -20 
-40 2 12 -24 14 -46 -21 34 46 -22 -21 9 -2 20 -50 4 -25 -12 44 21 2 -9 50 -31 -32 -47 -42 18 -6 12 48 4 -36 9 30 28 14 -41 11 9 -12 41 -32 36 10 -32 -11 36 6 -17 6 -43 24 5 -23 43 
79
-15 11 -48 47 8 7 -39 -33 -13 39 32 -4 0 -9 34 -9 9 19 -49 27 -43 37 -18 -9 -8 -10 -36 48 17 -43 7 -49 18 9 49 -24 -34 -41 -7 3 49 -25 49 -1 16 33 41 -26 1 42 -50 9 29 -18 50 -29 22 -37 -31 -11 -29 26 -10 39 -15 -11 -35 1 -1 9 -46 -2 34 -48 48 -1 35 38 23 
-14 29 24 45 8 -45 44 29 28 -43 48 -33 -22 24 8 -33 -42 47 -18 10 -5 41 14 44 24 16 41 -27 1 28 46 37 7 19 32 -36 25 25 44 3 32 41 21 -40 15 -22 -22 23 -26 10 -18 20 1 46 13 -25 12 4 -2 -37 -19 -6 -50 39 -37 32 -48 38 7 47 -9 -11 38 -39 -1 2 -10 27 -26 
82
-13 7 -16 38 3 48 -37 -35 1 11 -22 33 -46 -22 21 -33 -40 24 -45 17 20 -3 -45 7 9 5 -41 49 -18 -17 13 20 41 48 7 -7 45 21 8 -4 -19 37 -21 -14 -35 50 3 -25 24 9 43 -6 -44 49 -49 15 3 -40 14 36 -6 -23 5 -16 -26 -38 28 -31 33 -15 16 -37 -28 45 -1 -13 44 -48 12 18 12 5 
-39 18 3 -38 -17 -45 -27 47 41 17 -26 -4 -49 -2 8 29 18 -10 -36 -17 3 -14 -23 -48 23 -29 -45 -15 39 17 40 -50 -15 -7 -38 18 -1 -14 15 -10 -48 40 36 -47 -12 -7 32 -45 33 46 -12 -14 -19 16 -12 -46 37 -6 -10 26 -39 -21 26 -4 22 39 -36 -29 -26 30 11 -23 20 -4 -20 -43 39 -38 -38 21 -42 1 
53
-10 -34 -5 -6 -47 40 34 29 -50 -37 5 -3 36 -7 12 -44 18 -8 17 46 -39 -38 -25 -32 -50 -12 -19 22 -4 32 29 37 48 -26 -20 -49 -37 -36 30 -37 -22 -15 11 -36 29 -28 -30 -4 15 38 -9 26 -50 
17 45 -49 -45 -25 23 1 -43 2 -13 -45 26 18 -44 39 33 36 -48 -40 -30 14 -26 50 37 -5 -5 1 -17 37 -23 -17 4 -29 -16 9 -3 -43 -40 4 9 -2 9 -15 -34 16 -27 49 1 -24 -41 22 40 -16 
86
26 29 -34 -23 -38 -47 4 -5 8 26 30 -34 -27 37 -23 27 -4 25 -14 31 41 -49 -46 40 3 -19 49 -25 -30 -18 47 47 -39 -37 -27 -27 -33 27 18 25 3 -2 41 26 -15 -33 3 31 43 39 12 34 41 17 23 -6 48 21 20 -32 -47 17 -36 -36 31 -12 -12 48 -36 -44 22 18 4 13 -7 39 31 46 20 23 35 -18 6 26 49 -22 
-30 47 50 40 -35 -48 7 -20 -33 -13 18 5 -16 33 11 -44 0 -36 19 43 -47 -1 38 23 -29 23 -46 28 -2 -47 -45 18 -50 -45 8 -35 -43 -36 -5 -25 2 -38 30 37 46 -10 43 -5 5 11 -12 8 -40 -24 -19 -18 49 -14 -41 -4 -11 -35 -36 -11 -30 22 5 -22 37 50 3 -11 -38 -17 -25 -42 24 -33 3 -22 29 42 37 40 -33 -33 
60
-35 3 -20 12 43 -4 27 -18 17 -2 37 45 -15 37 -2 24 50 31 49 -43 4 -34 11 33 46 2 19 35 20 37 -44 35 -10 -13 -3 -17 33 -27 15 -1 22 2 -6 -44 -11 43 31 -12 23 29 -4 -23 46 -43 -41 41 10 29 26 -21 
15 32 -36 -45 -32 12 -12 -49 35 -48 1 7 4 45 13 44 37 -7 -19 10 -28 28 37 -33 36 46 -42 -5 24 35 25 -11 16 39 -6 35 0 32 36 -15 35 -14 42 -11 -19 5 -18 -32 48 14 28 -30 -8 14 -12 -23 10 -4 23 -16 
65
-3 24 47 -15 -32 32 36 50 17 -30 35 -47 -39 -27 -16 16 6 3 14 -31 -20 35 12 45 -28 39 5 19 11 40 50 -42 13 47 -7 31 28 -21 31 -6 -1 16 -2 11 40 33 -23 -5 -15 42 15 15 26 -24 10 49 -35 -36 17 27 -47 17 35 17 13 
-22 -3 -10 7 -22 35 -44 44 -18 17 33 -35 45 -23 0 36 43 -36 11 -32 24 9 -16 39 -24 -40 43 43 45 9 6 -28 -44 46 29 -16 31 35 -22 -37 2 -40 -22 -4 -12 28 -18 -20 43 44 -1 17 3 33 5 29 43 -3 22 37 -44 -23 -41 -38 -27 
89
41 -6 71 72 8 17 84 39 69 15 15 -7 49 6 97 -8 80 44 84 30 21 76 83 -10 61 90 20 72 -8 46 59 44 50 29 16 69 57 -1 8 25 25 33 29 84 50 26 86 29 80 70 70 1 45 52 1 6 41 32 88 44 89 46 99 38 86 14 7 42 24 25 78 59 69 6 42 18 42 28 58 22 -3 27 34 53 90 46 69 30 88 
57 85 77 2 83 14 98 -3 32 40 31 68 17 100 36 33 42 65 86 81 22 8 88 60 52 40 49 -3 9 89 96 76 74 72 89 56 97 87 64 28 26 -6 -4 53 -6 42 97 47 7 83 27 39 -10 15 -2 53 66 58 61 85 46 57 61 20 29 49 86 25 35 49 64 71 54 70 24 59 12 21 5 29 3 43 79 4 68 88 67 33 45 
35
18 -9 95 89 21 23 37 7 59 83 67 23 54 20 -7 89 90 15 9 -5 55 22 48 34 36 16 21 3 60 77 41 88 78 35 76 
-2 69 13 16 27 -4 93 60 60 13 64 48 2 90 68 8 44 100 67 89 36 93 9 49 52 96 100 40 74 35 16 83 3 40 -2 
47
46 -10 1 6 13 75 65 26 64 32 44 8 31 10 -4 78 2 15 26 65 11 26 4 95 72 31 77 86 81 85 26 26 86 37 43 -2 11 7 34 86 49 88 -7 91 -3 -1 69 
10 25 -6 86 47 31 100 42 2 30 19 98 10 4 24 47 100 71 100 -3 93 7 42 78 67 30 82 57 38 91 25 58 16 30 43 73 72 43 14 85 84 44 82 -6 58 6 51 
61
88 51 65 80 68 7 58 34 47 39 -9 95 30 27 53 57 68 -4 29 39 49 54 23 32 -3 5 37 65 21 99 22 9 49 98 99 17 4 57 62 61 -4 64 56 36 -9 8 -7 69 14 32 8 73 97 42 5 -6 58 53 70 90 51 
-9 -2 0 100 -4 27 3 64 100 74 70 64 29 6 65 47 9 34 72 52 52 44 49 -7 60 53 61 12 22 51 73 24 59 83 23 65 10 36 29 10 10 -2 84 50 14 48 -3 34 92 79 96 44 23 44 48 94 -3 9 5 30 70 
90
65 28 72 98 -7 93 34 32 2 55 40 97 5 65 44 12 -1 36 -10 -6 90 24 49 37 17 57 57 33 97 26 22 61 64 -6 59 67 97 -7 -2 -1 59 49 -5 74 14 50 96 23 96 97 28 86 21 88 23 48 44 90 91 41 16 13 2 90 17 72 57 14 76 66 23 35 15 29 8 39 89 4 73 85 1 0 71 32 99 -7 90 43 94 81 
94 9 -7 -4 -1 21 79 67 45 54 32 78 99 57 6 7 -4 -5 21 79 90 33 90 61 75 88 64 65 30 58 46 24 78 49 30 87 81 9 53 25 74 96 3 72 53 20 90 59 25 11 37 15 54 27 86 29 14 50 -7 55 8 49 89 96 -2 19 83 89 38 36 14 11 31 27 94 95 57 84 53 93 -6 -10 7 59 27 -7 98 51 54 -10 
15
72 50 -6 67 58 23 50 47 72 96 71 94 27 -3 87 
21 65 70 85 57 75 85 75 33 11 78 30 73 31 31 
90
2 91 93 80 49 16 29 -5 98 25 77 91 63 84 78 95 49 48 79 5 22 63 91 66 85 68 -4 58 -1 37 46 12 28 39 -8 87 65 32 93 63 68 69 54 30 53 32 24 1 90 3 17 12 76 7 88 61 85 94 18 95 31 74 7 69 13 9 56 88 52 49 51 19 17 4 59 80 47 94 92 36 -4 8 59 83 25 47 43 10 41 72 
4 82 46 22 51 69 42 7 57 -7 66 7 22 94 22 91 74 79 85 65 15 91 83 84 74 7 31 17 27 82 99 42 64 45 74 15 13 15 33 80 18 -2 98 51 -8 19 42 76 -2 26 40 23 17 22 7 -10 40 49 18 77 30 17 19 -6 72 -7 19 96 19 62 75 48 71 73 -2 73 -8 50 49 0 87 99 34 3 21 52 4 71 0 32 
53
41 60 77 46 31 81 75 26 -1 37 1 57 8 84 66 92 86 15 40 97 1 39 31 15 70 93 29 41 -7 72 99 45 31 76 -10 73 57 76 -2 66 13 10 23 31 -7 99 23 90 14 74 87 26 12 
17 52 93 9 92 33 13 63 32 68 -6 8 68 77 75 43 86 41 66 -5 75 -3 -1 74 30 99 99 4 85 24 26 1 87 19 21 78 63 44 41 -6 12 45 13 90 22 99 33 7 39 -1 12 13 6 
29
97 47 20 95 61 5 19 98 17 6 16 49 94 90 -7 34 95 15 90 7 5 11 6 49 29 55 58 51 79 
75 83 76 22 3 71 94 19 -10 91 46 6 7 -6 0 -3 -2 45 -9 23 35 8 39 56 24 98 95 90 55 
52
69 29 29 44 62 43 15 55 72 16 46 17 32 63 22 43 70 31 98 72 64 32 91 2 99 14 -1 94 4 65 40 83 -6 80 27 66 22 53 20 -7 79 76 21 11 39 54 65 9 95 63 91 58 
-5 81 71 -7 -5 81 98 10 46 38 -7 50 17 31 15 49 94 46 52 73 22 83 95 72 37 59 92 31 21 83 100 26 64 71 30 70 51 28 90 -4 76 94 57 -8 24 83 51 18 28 3 -10 61 
97
95 33 33 54 24 74 85 6 74 11 80 44 51 50 -6 89 39 1 65 32 69 67 67 51 17 95 90 31 96 50 27 91 93 70 44 16 44 29 33 17 50 13 71 1 73 76 -10 12 88 65 55 56 32 22 6 59 16 -5 -10 11 56 27 2 48 -4 56 75 51 96 8 78 45 32 49 57 4 25 58 27 12 23 93 78 65 14 95 23 40 -10 23 62 56 61 75 4 68 30 
89 18 25 -3 -4 81 39 56 38 54 91 -5 92 2 28 84 91 -8 -2 85 26 49 85 60 10 41 21 95 55 99 25 44 17 61 51 23 42 -10 89 91 55 79 97 46 92 24 30 82 27 38 67 64 97 52 24 7 -8 55 2 57 54 38 0 81 -2 62 4 51 63 -7 41 17 83 37 73 74 72 2 56 -1 51 23 74 47 85 -2 64 87 64 76 44 17 14 55 -2 22 17 
21
84 90 16 24 6 -2 72 90 83 44 -8 38 53 53 71 27 -1 56 35 74 43 
-2 50 97 26 74 52 34 -4 79 57 90 69 83 14 86 91 97 75 73 40 77 
20
-7 30 93 30 39 48 76 13 -10 84 73 98 9 46 50 53 53 29 10 42 
-3 -8 67 93 93 63 68 66 2 45 87 6 85 79 46 24 27 22 47 27 
15
19 25 25 76 85 89 29 14 -2 81 21 0 48 14 -7 
10 93 69 23 37 55 39 22 34 96 56 71 17 3 -2 
40
33 33 69 9 18 57 48 42 65 29 74 76 87 99 79 -4 92 47 30 28 2 80 61 46 75 17 17 -8 30 25 36 73 69 4 93 98 71 40 39 36 
79 13 12 66 12 -10 73 3 48 2 42 61 92 2 6 67 30 33 70 70 69 5 43 37 19 35 34 -10 86 84 37 65 -3 59 30 19 60 2 33 7 
23
85 78 6 98 95 84 27 28 53 -4 -3 68 50 44 98 96 89 99 81 73 35 45 80 
-6 85 -1 64 98 42 82 11 26 60 28 23 54 11 60 93 74 67 100 42 17 44 40 
21
32 38 -7 4 84 49 95 88 33 -6 52 30 46 33 52 83 -8 90 6 57 0 
77 49 85 44 48 26 71 -8 76 94 34 14 97 49 -3 45 44 96 89 48 47 
27
-6 91 81 88 93 71 -7 49 82 81 -2 66 24 57 -8 -5 59 79 99 -7 -7 96 52 0 41 -4 -4 
29 54 53 58 59 43 39 46 36 10 49 96 -9 30 -7 68 64 61 71 69 19 50 68 23 53 63 85 
67
3 92 70 43 46 23 0 4 77 50 60 12 70 9 8 72 49 12 40 13 83 11 93 2 71 60 35 23 23 20 97 36 11 66 89 67 100 100 82 76 50 42 99 20 61 6 -8 10 28 42 33 11 63 26 24 33 96 69 67 18 100 63 65 11 29 53 89 
28 53 70 3 2 11 1 33 83 18 35 -7 57 87 37 78 50 73 1 94 68 81 60 97 80 23 61 -10 62 14 89 100 77 59 3 90 81 15 22 63 43 67 66 -1 54 2 88 4 85 99 -2 53 80 68 49 59 -9 10 60 63 34 49 63 11 7 77 0 
99
-9 33 61 45 0 27 55 65 40 42 79 25 41 87 88 20 55 37 89 56 57 49 19 -9 -3 93 12 15 70 23 14 72 66 85 16 76 12 81 41 62 22 19 97 74 6 84 -7 72 21 93 28 89 41 58 90 49 50 2 75 20 35 99 -9 1 84 17 88 -5 -2 28 67 31 58 63 4 74 47 7 46 79 -1 84 67 51 41 57 -1 -9 70 85 21 4 84 22 15 67 50 2 72 
59 41 39 100 -2 2 3 82 59 21 28 38 31 11 4 92 63 72 -9 64 41 86 96 56 69 18 82 36 78 95 7 36 35 57 36 43 69 50 25 27 81 63 75 11 85 90 3 47 62 4 10 3 -10 6 70 70 34 51 5 11 45 23 58 91 90 -6 33 58 54 69 96 34 32 71 56 16 61 69 73 23 84 94 36 84 -1 5 53 44 67 69 66 12 -9 23 2 92 28 46 49 
93
14 45 26 56 16 92 83 87 61 56 9 45 50 56 28 60 72 92 3 38 60 79 60 62 2 72 53 40 18 2 31 42 57 68 -2 84 60 91 70 20 47 90 75 -4 46 3 66 17 -5 79 66 66 57 26 27 69 -2 91 9 26 -8 51 79 60 18 87 43 88 78 13 8 24 3 94 31 59 -4 -4 87 2 85 53 78 42 89 4 11 98 -6 30 23 -3 92 
1 68 9 99 10 -4 76 34 15 0 47 8 41 6 15 48 -7 27 33 56 4 86 45 19 -4 42 24 37 76 32 28 87 -1 48 85 20 54 61 64 80 72 10 98 13 27 13 71 30 50 4 96 65 100 41 95 -5 93 19 43 68 61 82 55 71 29 40 -10 94 1 64 73 83 85 71 -4 11 94 78 51 43 92 47 8 91 98 2 97 90 31 40 58 -8 21 
21
73 61 63 73 54 74 37 27 57 21 -3 63 43 -10 40 -7 43 32 51 62 22 
48 74 19 38 5 70 -4 8 -10 19 91 61 92 64 15 66 0 52 22 32 59 
96
85 60 35 89 2 78 39 75 0 98 49 29 36 64 -2 42 83 -1 71 73 71 63 37 97 28 48 48 60 90 7 56 75 77 -10 63 90 79 2 64 89 0 12 18 46 87 27 98 69 36 69 42 7 31 90 3 70 37 62 30 26 80 96 1 56 96 75 46 75 88 10 63 98 33 91 43 19 17 41 99 64 10 41 81 51 30 95 20 77 56 60 3 35 55 15 -9 51 
100 48 25 87 68 99 85 1 89 27 31 6 79 29 80 99 81 60 50 10 55 81 98 10 40 1 56 -5 26 58 57 25 5 93 12 84 91 -4 95 80 34 25 96 12 65 76 11 45 36 71 66 -10 51 64 10 -9 75 77 -3 0 34 64 36 50 57 59 33 48 65 28 27 -2 63 23 21 28 -1 43 84 45 14 50 45 75 13 66 77 98 43 85 -2 87 49 45 36 5 
12
80 63 78 7 -10 87 81 24 8 8 33 62 
-8 88 86 52 33 61 75 -1 37 73 52 22 
84
39 81 26 86 96 39 65 59 17 83 59 4 63 94 23 82 26 95 85 14 80 36 58 41 11 68 89 95 20 10 76 70 -10 2 55 96 52 20 55 80 2 14 95 76 7 17 58 44 12 42 69 -8 88 26 43 -1 -6 31 -6 24 51 81 -7 52 93 59 48 45 89 2 24 -9 26 18 77 43 46 34 98 68 86 66 70 74 
-9 13 84 -5 54 88 30 5 69 33 67 61 -9 15 6 91 27 41 92 63 69 69 6 15 3 4 93 100 80 63 74 82 86 57 88 40 45 17 55 13 61 22 85 63 47 -9 53 84 42 45 47 11 13 64 36 26 78 28 25 58 -9 -2 39 87 66 26 26 11 53 92 35 14 13 20 87 71 21 39 55 73 94 2 94 7 