50
390 10
291 403 479 234 393 570 578 293 392 356 
398 1
399 
859 1
841 
428 3
456 376 358 
209 2
121 161 
356 1
352 
562 4
552 674 563 598 
839 2
860 1073 
549 10
380 650 803 542 552 823 686 709 550 546 
336 6
277 283 392 369 349 420 
577 4
594 572 571 353 
504 6
421 459 658 395 602 596 
247 7
248 223 322 249 298 242 167 
694 5
456 446 401 734 904 
827 1
575 
451 6
519 448 625 331 569 453 
232 1
346 
778 2
916 565 
609 5
605 606 527 764 812 
888 10
1312 1277 884 1136 1085 889 1310 475 891 1000
851 10
1240 707 507 507 1262 1054 700 1174 1018 877 
316 42
221 238 376 199 398 356 224 346 361 349 291 382 161 411 363 178 471 304 240 458 409 271 171 404 188 274 365 409 442 412 354 188 175 255 229 416 454 296 287 341 170 420 
430 3
485 619 263 
695 21
607 740 482 856 770 1022 923 1026 783 779 955 644 514 1023 684 729 485 554 685 789 838 
252 34
261 215 309 257 199 338 323 301 179 213 250 364 367 343 321 361 248 255 330 356 286 322 256 172 373 302 295 281 227 312 199 363 148 129 
280 20
379 387 160 158 204 410 142 191 370 359 172 225 189 399 200 367 337 312 419 331 
447 34
354 541 403 483 513 443 489 558 614 423 506 648 452 608 630 456 243 549 358 295 237 437 261 334 351 575 608 349 432 299 647 563 618 379 
474 27
636 682 370 577 420 670 553 663 604 510 436 625 381 580 703 397 332 268 515 469 642 449 602 389 529 577 276 
599 4
553 316 843 516 
447 32
558 322 352 513 668 610 253 587 298 578 578 449 668 608 264 439 543 464 336 239 292 658 276 515 239 466 528 646 629 667 477 517 
385 76
490 393 378 446 560 286 267 198 349 233 434 444 563 506 473 337 204 476 470 288 201 441 432 263 503 461 361 207 553 450 498 465 266 299 333 248 394 409 255 552 450 498 418 435 427 313 194 439 212 473 536 221 337 390 292 262 274 462 278 249 334 199 522 409 307 278 466 509 495 529 483 367 449 323 224 299 
725 10
1028 876 958 949 932 506 598 396 639 752 
798 61
947 492 899 833 942 1137 1011 710 995 840 610 799 404 1144 1072 472 566 798 546 501 566 404 1148 1193 563 609 432 868 1038 1029 554 788 1123 1054 423 867 993 1036 1178 791 678 591 1191 683 537 1066 756 705 667 904 807 834 909 757 830 1073 967 863 743 808 695 
701 1
544 
557 4
759 384 740 746 
745 18
431 874 770 560 751 1104 846 1001 829 482 662 560 817 1064 444 602 752 766 
858 89
561 1134 564 945 1161 446 1108 1013 1167 835 1165 1236 554 765 594 991 749 1141 858 1276 1268 1192 634 922 1131 717 1187 710 1171 1034 608 445 880 744 961 754 761 782 479 641 1188 1216 589 455 693 755 1018 1013 609 588 1002 589 493 1207 1082 1195 637 982 618 521 728 798 537 1180 1113 1070 646 587 565 697 799 466 625 960 492 889 1286 1082 615 607 1242 1188 768 447 1107 563 1214 457 1116 
308 15
200 328 236 161 266 158 239 323 207 336 456 220 406 338 243 
484 60
266 519 632 725 463 338 250 361 414 694 377 318 275 445 390 549 574 402 725 580 537 505 664 338 495 283 250 300 424 422 589 448 699 494 447 436 590 456 555 278 423 690 354 456 409 503 279 256 664 278 595 474 542 533 571 310 574 579 368 272 
254 98
251 130 253 359 232 182 217 142 201 312 378 260 170 211 143 190 218 365 209 149 232 367 302 150 148 222 328 215 238 345 209 363 348 336 340 199 136 175 214 211 361 210 345 150 294 361 213 131 345 296 153 195 281 329 219 302 170 165 135 282 129 218 263 350 172 222 168 182 271 255 266 250 338 229 274 251 209 360 255 172 274 282 241 174 230 333 349 273 372 358 173 374 194 310 343 240 151 129 
606728 11
553557 388078 470698 709909 536955 333989 769088 590594 852299 431063 469790 
512795 14
431704 462341 504068 585868 545931 704677 531924 542569 754363 632798 708941 258585 310806 685391 
745366 17
697127 745366 564065 801199 745361 1063505 1088166 814898 745369 695661 745372 1047160 900116 373341 787317 409565 745368 
58478 14
85794 82656 42647 59950 80965 85572 53079 81215 33298 43523 66020 82677 68977 81635 
187157 6
175701 111805 187154 99581 241772 187155 
539505 14
461430 556224 406240 488126 773372 427423 321949 755629 380729 445651 499459 318434 425854 719405 
979455 8
565842 1085240 756686 1231421 983357 923751 501184 1413132 
549710 5
810740 457541 549707 552435 549711 
244423 1
191144 
641096 20
688714 788883 878321 820590 356807 510186 641092 542304 403413 864999 772299 641094 613691 947036 938706 641093 590027 946205 641092 936552 