100
8 26 44
10 32 54
7 108 193
3 77 151
9 38 67
4 74 144
2 68 128
9 70 131
2 46 90
5 102 199
7 68 129
1 38 75
3 8 5
9 55 101
4 26 56
4 26 48
5 11 17
10 46 82
1 11 21
4 25 26
10 104 198
6 80 154
4 12 20
6 51 26
5 59 113
5959 6631 7303
6475 7148 7826
3558 3812 4066
6313 6631 6949
7979 8088 8126
8602 9105 9608
9325 10302 11279
4008 4022 4036
9790 10348 10896
9486 10431 11376
8340 9107 9874
9742 9985 10228
2758 3386 4014
435 1084 1733
359 555 751
8668 9008 9348
127 759 1391
8851 9366 9881
8319 8688 9026
4768 5285 5802
193 823 1453
6061 6398 6726
3502 4454 5406
5047 5054 5061
9514 9844 10174
952 1406 1826
6953 7739 8525
4130 4200 4270
7176 8147 9118
1664 2121 2578
7963 8717 9471
3852 3886 3920
5473 6282 7056
1774 2045 2316
7867 8247 8627
88 743 1398
9909 10715 11521
7576 8191 8806
6217 6589 6901
6702 6965 7228
7154 7727 8300
3583 4349 5115
8347 8758 9169
3817 4589 5361
2276 2829 3326
3057 3605 4156
5810 5834 5858
8329 9020 9726
9612 9741 9870
5074 5085 5026
6642 7390 8138
5538 6055 6572
1310 1966 2622
9961 10273 10585
5735 6488 7241
3255 3922 4589
4316 4605 4894
14696 14717 14738
52345 58421 52497
67831 67882 67933
76266 76873 76280
67830 67855 67880
12505 12522 12539
74580 74854 74728
73139 73171 73256
18303 18388 18473
79105 79111 79117
81526 81861 81596
59524 59620 59716
39791 39856 39921
82203 88254 82356
36203 36205 36207
29870 29874 29878
80534 80569 80656
86792 86862 86932