100
30 40 110
45 45 90
180 0 0
90 0 0
0 90 90
89 80 11
44 89 31
28 26 27
83 42 28
31 76 84
78 48 79
86 81 66
84 9 81
36 51 42
75 55 50
63 73 67
32 18 30
3 2 27
59 40 13
25 90 65
8 86 89
85 30 2
17 64 49
31 33 64
58 40 82
68 24 81
70 90 60
73 50 57
20 65 66
90 61 21
13 88 60
89 6 53
34 18 12
30 70 80
83 56 7
53 41 76
37 6 53
13 23 53
5 83 74
55 65 60
58 8 62
32 62 3
16 20 65
37 7 46
29 3 80
25 75 17
57 49 68
50 82 48
0 0 0
41 58 38
16 30 14
0 81 65
75 73 8
70 55 52
88 12 80
11 61 19
46 88 46
61 6 80
110 39 31
80 82 40
35 1 79
68 33 28
69 83 88
60 60 60
80 78 58
62 32 55
50 70 60
3 34 15
14 6 18
75 56 2
90 60 30
80 80 20
45 45 45
40 14 23
51 81 3
67 59 55
48 19 53
65 26 2
48 48 76
72 27 21
18 78 55
29 0 2
35 68 52
35 65 27
49 32 16
36 68 76
44 22 61
87 60 66
74 62 22
36 10 0
86 17 7
62 28 83
75 80 6
20 30 130
25 75 80
10 10 160
81 19 38
8 84 1
30 30 90
30 30 120